 1      2    1    0.101000   363171.200000
 3      4    1    0.109000   284512.000000
 7      8    1    0.109000   284512.000000
 7      9    1    0.109000   284512.000000
 7     10    1    0.109000   284512.000000
11     12    1    0.101000   363171.200000
13     14    1    0.109000   284512.000000
17     18    1    0.109000   284512.000000
17     19    1    0.109000   284512.000000
17     20    1    0.109000   284512.000000
21     22    1    0.101000   363171.200000
23     24    1    0.109000   284512.000000
27     28    1    0.109000   284512.000000
27     29    1    0.109000   284512.000000
27     30    1    0.109000   284512.000000
 5      3    1    0.152200   265265.600000
 5      6    1    0.122900   476976.000000
 3      7    1    0.152600   259408.000000
 3      1    1    0.144900   282001.600000
 5     11    1    0.133500   410032.000000
15     13    1    0.152200   265265.600000
15     16    1    0.122900   476976.000000
13     17    1    0.152600   259408.000000
13     11    1    0.144900   282001.600000
15     21    1    0.133500   410032.000000
25     23    1    0.152200   265265.600000
25     26    1    0.122900   476976.000000
23     27    1    0.152600   259408.000000
23     21    1    0.144900   282001.600000
